FCODE
0845
4000
4010
4020
4040
4060
4070
4080
4100
4129
4129
4133
4140
4160
4165
4166
4167
4168
4169
4190
4210
4235
4250
0815
0820
0000
0001
0002
0002
0010
0015
0020
0030
0050
0055
0060
0062
0065
0068
0070
0075
0080
0085
0092
0260
0425
0430
0695
0705
0710
0715
0716
0770
0775
0780
0785
0790
0795
0809
0810
0811
0812
0813
0925
0935
0945
0985
0986
0999
1010
1015
1020
1030
1050
1055
1060
1062
1065
1068
1070
1075
1080
1085
1092
1260
1425
1430
1695
1705
1710
1715
1716
1770
1775
1780
1785
1790
1795
1925
1935
1945
1985
1986
1999
